version https://git-lfs.github.com/spec/v1
oid sha256:d31cc15dccca44636822ac382a292c373677e2f3c1ed9e39a4f964cd66a724a3
size 3694
